Disco: 1
Media real: 0.343765
Media imaginaria: -0.239545
Potencia: 0.904358
Ruido: 27.055462
Disco: 2
Media real: 0.167566
Media imaginaria: -0.197419
Potencia: 4.751182
Ruido: 202.568359
Disco: 3
Media real: 0.039500
Media imaginaria: -0.000669
Potencia: 11.150599
Ruido: 508.641541
Disco: 4
Media real: -0.019080
Media imaginaria: -0.012962
Potencia: 23.878178
Ruido: 799.183350