Disco: 1
Media real: 0.343765
Media imaginaria: -0.239545
Potencia: 0.904358
Ruido: 27.055462
Disco: 2
Media real: 0.167566
Media imaginaria: -0.197419
Potencia: 4.751182
Ruido: 202.568359
Disco: 3
Media real: 0.002717
Media imaginaria: -0.008388
Potencia: 35.028774
Ruido: 1307.825073
